Chemtool Version 1.6.13
geometry 2019 2018
bonds 152
53	112	108	80	2	0	0
108	80	163	112	0	0	0
163	112	163	176	2	0	0
163	176	108	208	0	0	0
108	208	53	176	2	0	0
53	176	53	112	0	0	0
163	112	218	80	0	0	0
218	80	273	112	0	0	0
218	80	218	17	4	0	0
347	124	589	249	9	0	0
648	278	703	246	2	0	0
703	246	758	278	0	0	0
758	278	758	342	2	0	0
758	342	703	374	0	0	0
703	374	648	342	2	0	0
648	342	648	278	0	0	0
758	278	813	246	0	0	0
813	246	867	276	0	0	0
867	276	921	246	0	0	0
813	246	813	182	0	0	0
867	276	867	340	4	0	0
55	585	110	553	2	0	0
110	553	165	585	0	0	0
165	585	165	649	2	0	0
165	649	110	681	0	0	0
110	681	55	649	2	0	0
55	649	55	585	0	0	0
165	585	220	553	0	0	0
220	553	275	585	0	0	0
220	553	220	490	4	0	0
350	575	619	389	9	0	0
971	305	1099	305	9	0	0
1347	252	1401	282	0	0	0
1401	282	1455	252	0	0	0
1401	282	1401	346	4	0	0
1181	281	1236	249	2	0	0
1236	249	1291	281	0	0	0
1291	281	1291	345	2	0	0
1291	345	1236	377	0	0	0
1236	377	1181	345	2	0	0
1181	345	1181	281	0	0	0
1291	281	1345	251	0	0	0
1345	251	1345	187	4	0	0
1410	440	1506	605	9	0	0
1530	477	1581	514	0	0	0
1581	514	1631	478	0	0	0
1631	478	1612	418	0	0	0
1612	418	1549	418	0	0	0
1549	418	1530	477	0	0	0
1612	418	1662	382	0	0	0
1362	805	1417	773	2	0	0
1417	773	1472	805	0	0	0
1472	805	1472	869	2	0	0
1472	869	1417	901	0	0	0
1417	901	1362	869	2	0	0
1362	869	1362	805	0	0	0
1472	805	1526	773	0	0	0
1526	773	1494	718	0	0	0
1526	773	1556	719	0	0	0
1554	719	1605	756	0	0	0
1605	756	1655	720	0	0	0
1655	720	1636	660	0	0	0
1636	660	1573	660	0	0	0
1573	660	1554	719	0	0	0
1526	773	1558	828	0	0	0
1558	828	1622	828	0	0	0
1558	828	1526	883	4	0	0
1189	395	990	516	9	0	0
872	565	926	595	0	0	0
926	595	980	565	0	0	0
926	595	926	659	4	0	0
706	594	761	562	2	0	0
761	562	816	594	0	0	0
816	594	816	658	2	0	0
816	658	761	690	0	0	0
761	690	706	658	2	0	0
706	658	706	594	0	0	0
816	594	870	564	0	0	0
870	564	870	500	4	0	0
999	571	1053	601	0	0	0
1053	601	1107	569	0	0	0
611	714	377	874	9	0	0
508	873	559	910	0	0	0
559	910	609	874	0	0	0
609	874	590	814	0	0	0
590	814	527	814	0	0	0
527	814	508	873	0	0	0
590	814	640	778	0	0	0
135	1076	190	1044	2	0	0
190	1044	245	1076	0	0	0
245	1076	245	1140	2	0	0
245	1140	190	1172	0	0	0
190	1172	135	1140	2	0	0
135	1140	135	1076	0	0	0
245	1076	299	1044	0	0	0
299	1044	267	989	0	0	0
299	1044	329	990	0	0	0
327	990	378	1027	0	0	0
378	1027	428	991	0	0	0
428	991	409	931	0	0	0
409	931	346	931	0	0	0
346	931	327	990	0	0	0
299	1044	331	1099	0	0	0
331	1099	299	1154	4	0	0
331	1099	395	1099	0	0	0
395	1099	427	1154	0	0	0
427	1154	491	1154	0	0	0
561	1052	1280	876	9	0	0
1540	990	1542	1154	9	0	0
1705	1090	1686	1150	0	0	0
1686	1150	1736	1186	0	0	0
1736	1186	1786	1150	0	0	0
1786	1150	1768	1090	0	0	0
1768	1090	1705	1090	0	0	0
1786	1150	1836	1186	0	0	0
1705	1090	1686	1030	0	0	0
1008	1546	1063	1514	2	0	0
1063	1514	1118	1546	0	0	0
1118	1546	1118	1610	2	0	0
1118	1610	1063	1642	0	0	0
1063	1642	1008	1610	2	0	0
1008	1610	1008	1546	0	0	0
1140	1413	1176	1463	0	0	0
1176	1463	1236	1444	0	0	0
1236	1444	1236	1380	0	0	0
1236	1380	1176	1361	0	0	0
1176	1361	1139	1412	0	0	0
1118	1546	1118	1483	0	0	0
1118	1483	1178	1464	0	0	0
1118	1483	1064	1451	0	0	0
1118	1483	1173	1515	0	0	0
1173	1515	1227	1485	0	0	0
1227	1485	1281	1515	0	0	0
1173	1515	1173	1579	4	0	0
1281	1515	1281	1578	0	0	0
1281	1578	1341	1596	0	0	0
1281	1515	1341	1497	0	0	0
1341	1497	1378	1548	0	0	0
1378	1548	1341	1596	0	0	0
1359	1595	1413	1625	0	0	0
1341	1596	1341	1660	0	0	0
874	1255	906	1255	0	1	0
874	1255	874	1771	0	1	0
874	1771	906	1771	0	1	0
1488	1255	1520	1255	0	1	0
1520	1255	1520	1771	0	1	0
1488	1771	1520	1771	0	1	0
1400	1585	1408	1585	11	1	0
1392	1585	1408	1585	0	1	0
1400	1578	1400	1593	0	1	0
1546	1734	1554	1734	11	1	0
1538	1734	1554	1734	0	1	0
atoms 53
218	17	O	0	0	0	3
285	126	H	0	0	0	3
96	237	benzaldehyde	0	0	0	3
465	152	NaHSO_3\+\NaCN	0	0	0	3
539	192	HCl,\hydrolysis	0	0	0	3
813	182	OH	0	0	0	3
939	247	OH	0	0	0	3
867	340	O	0	0	0	3
696	406	mandelic\acid	0	0	0	3
220	490	O	0	0	0	3
284	605	CH_3	0	0	0	3
104	717	acetophenone	0	0	0	3
551	481	CH_3OOH\+\Cl_2	0	0	0	3
551	520	NaOH,\HCL	0	0	0	3
1005	285	KMnO_4	0	0	0	3
992	327	oxydation	0	0	0	3
1401	346	O	0	0	0	3
1344	171	O	0	0	0	3
1471	251	OH	0	0	0	3
1252	415	phenylglyoxylic\acid	0	0	0	3
1662	382	MgBr	0	0	0	3
1494	718	OH	0	0	0	3
1622	828	OH	0	0	0	3
1525	906	O	0	0	0	3
1430	955	cyclopentilmandelic\acid	0	0	0	3
1124	476	CH_3CH_2OH	0	0	0	3
1110	511	etherification	0	0	0	3
926	659	O	0	0	0	3
869	484	O	0	0	0	3
980	565	O	0	0	0	3
1124	574	CH_3	0	0	0	3
681	728	ethyl\phenylglyoxolate	0	0	0	3
640	778	MgBr	0	0	0	3
267	989	OH	0	0	0	3
298	1177	O	0	0	0	3
207	1289	Ethyl\a-Cyclopentylmandelate	0	0	0	3
395	1099	O	0	0	0	3
491	1154	CH_3	0	0	0	3
754	1036	saponification	0	0	0	3
1786	1150	N	0	0	0	3
1836	1186	CH_3	0	0	0	3
1686	1030	OH	0	0	0	3
1679	1236	1-methyl\pyrolidin-3-ol	0	0	0	3
1395	1024	Na/heptane	0	0	0	3
1397	1064	CH_3Br	0	0	0	3
1064	1451	OH	0	0	0	3
1173	1579	O	0	0	0	3
1227	1485	O	0	0	0	3
1341	1596	N	0	0	0	3
1426	1644	CH_3	0	0	0	3
1350	1682	CH_3	0	0	0	3
1566	1757	Br	0	0	0	3
1021	1835	Glycopyrronium\bromide	0	0	0	3
splines 0
scalefactors 10.668000 2
