Chemtool Version 1.6.13
geometry 1288 484
bonds 37
125	210	88	261	0	0	0
88	261	125	312	0	0	0
125	312	185	293	0	0	0
185	293	185	229	0	0	0
185	229	125	211	0	0	0
185	229	222	178	0	0	0
222	178	282	196	0	0	0
282	196	319	145	0	0	0
222	178	186	128	4	0	0
282	196	319	247	4	0	0
335	135	395	117	0	0	0
532	193	587	161	2	0	0
587	161	642	193	0	0	0
642	193	642	257	2	0	0
642	257	587	289	0	0	0
587	289	532	257	2	0	0
532	257	532	193	0	0	0
642	193	697	161	0	0	0
729	226	793	226	9	0	0
891	231	946	199	2	0	0
946	199	1001	231	0	0	0
1001	231	1001	295	2	0	0
1001	295	946	327	0	0	0
946	327	891	295	2	0	0
891	295	891	231	0	0	0
954	90	1005	126	0	0	0
1005	126	1055	90	0	0	0
1055	90	1037	30	0	0	0
1037	30	974	30	0	0	0
974	30	954	90	0	0	0
1001	231	1020	171	0	0	0
1005	126	1020	171	0	0	0
1020	171	1070	207	0	0	0
1070	207	1120	171	0	0	0
1120	171	1171	208	0	0	0
1070	207	1071	272	4	0	0
1020	171	956	171	0	0	0
atoms 20
94	370	cyclopentyl\glyoxylic\acid\ester	0	0	0	3
186	128	O	0	0	0	3
319	247	O	0	0	0	3
319	145	O	0	0	0	3
395	117	CH_3	0	0	0	3
459	216	+	0	0	0	3
98	404	Molecular\Formula\C9H14O3	0	0	0	3
96	427	Molecular\Weight\170.21	0	0	0	3
514	371	Phenylmagnesium\bromide	0	0	0	3
697	161	MgBr	0	0	0	3
514	400	Molecular\Formula\C6H5BrMg	0	0	0	3
510	431	Molecular\Weight\181.31	0	0	0	3
1071	272	O	0	0	0	3
1120	171	O	0	0	0	3
1171	208	CH_3	0	0	0	3
515	56	transesterification	0	0	0	3
930	175	OH	0	0	0	3
905	382	ethylphenilglyoxylate	0	0	0	3
910	408	Molecular\Formula\C15H20O3	0	0	0	3
915	440	Molecular\Weight\\248,29	0	0	0	3
splines 0
scalefactors 10.668000 2
