Chemtool Version 1.6.13
geometry 1545 2345
bonds 197
94	191	149	159	2	0	0
149	159	204	191	0	0	0
204	191	204	255	2	0	0
204	255	149	287	0	0	0
149	287	94	255	2	0	0
94	255	94	191	0	0	0
204	191	258	159	0	0	0
258	159	313	191	0	0	0
313	191	367	161	0	0	0
313	191	313	255	4	0	0
546	268	510	218	0	0	0
546	268	606	249	0	0	0
606	249	606	185	0	0	0
606	185	546	166	0	0	0
546	166	509	217	0	0	0
606	185	630	151	0	0	0
695	209	823	209	9	0	0
926	278	981	246	2	0	0
981	246	1036	278	0	0	0
1036	278	1036	342	2	0	0
1036	342	981	374	0	0	0
981	374	926	342	2	0	0
926	342	926	278	0	0	0
1036	278	1073	227	0	0	0
1073	227	1073	163	0	0	0
1073	163	1110	112	0	0	0
1073	163	1013	144	0	0	0
1013	144	1013	81	0	0	0
1013	81	1073	63	0	0	0
1073	63	1110	112	0	0	0
1073	227	1013	208	0	0	0
1073	227	1133	246	0	0	0
1133	246	1133	309	4	0	0
1133	246	1187	214	0	0	0
600	1336	564	1286	0	0	0
600	1336	660	1317	0	0	0
660	1317	660	1253	0	0	0
660	1253	600	1234	0	0	0
600	1234	563	1285	0	0	0
660	1253	684	1219	0	0	0
749	1277	877	1277	9	0	0
997	1285	1052	1253	2	0	0
1052	1253	1107	1285	0	0	0
1107	1285	1107	1349	2	0	0
1107	1349	1052	1381	0	0	0
1052	1381	997	1349	2	0	0
997	1349	997	1285	0	0	0
1107	1285	1144	1234	0	0	0
1144	1234	1144	1170	0	0	0
1144	1170	1181	1119	0	0	0
1144	1170	1084	1151	0	0	0
1084	1151	1084	1088	0	0	0
1084	1088	1144	1070	0	0	0
1144	1070	1181	1119	0	0	0
1144	1234	1084	1215	0	0	0
1144	1234	1204	1253	0	0	0
1204	1253	1204	1316	4	0	0
1204	1253	1258	1221	0	0	0
1271	1219	1326	1251	0	0	0
1326	1251	1381	1219	0	0	0
691	694	819	694	9	0	0
811	702	683	702	8	0	0
905	683	960	651	2	0	0
960	651	1015	683	0	0	0
1015	683	1015	747	2	0	0
1015	747	960	779	0	0	0
960	779	905	747	2	0	0
905	747	905	683	0	0	0
1015	683	1069	651	0	0	0
1069	651	1124	683	0	0	0
1124	683	1124	747	4	0	0
1124	683	1179	651	0	0	0
1179	651	1234	683	0	0	0
1234	683	1288	653	0	0	0
769	1743	897	1743	9	0	0
1170	1771	1170	1707	0	0	0
1170	1707	1207	1656	0	0	0
1170	1707	1110	1688	0	0	0
1110	1688	1110	1625	0	0	0
1110	1625	1168	1603	0	0	0
1168	1603	1207	1656	0	0	0
1170	1771	1110	1752	0	0	0
1170	1771	1230	1790	0	0	0
1230	1790	1230	1853	4	0	0
1230	1790	1284	1758	0	0	0
1297	1756	1352	1788	0	0	0
1352	1788	1405	1752	0	0	0
575	1754	612	1805	0	0	0
575	1754	612	1703	2	0	0
612	1805	672	1786	1	0	0
612	1703	672	1722	0	0	0
672	1786	672	1722	0	0	0
672	1722	696	1688	0	0	0
1022	1828	1077	1796	2	0	0
1077	1796	1132	1828	0	0	0
1132	1828	1132	1892	2	0	0
1132	1892	1077	1924	0	0	0
1077	1924	1022	1892	2	0	0
1022	1892	1022	1828	0	0	0
1132	1828	1170	1771	0	0	0
258	159	258	95	4	0	0
94	191	149	159	2	0	0
149	159	204	191	0	0	0
204	191	204	255	2	0	0
204	255	149	287	0	0	0
149	287	94	255	2	0	0
94	255	94	191	0	0	0
204	191	258	159	0	0	0
258	159	313	191	0	0	0
313	191	367	161	0	0	0
313	191	313	255	4	0	0
258	159	258	95	4	0	0
83	692	138	660	2	0	0
138	660	193	692	0	0	0
193	692	193	756	2	0	0
193	756	138	788	0	0	0
138	788	83	756	2	0	0
83	756	83	692	0	0	0
193	692	247	660	0	0	0
247	660	302	692	0	0	0
302	692	356	662	0	0	0
302	692	302	756	4	0	0
247	660	247	596	4	0	0
83	692	138	660	2	0	0
138	660	193	692	0	0	0
193	692	193	756	2	0	0
193	756	138	788	0	0	0
138	788	83	756	2	0	0
83	756	83	692	0	0	0
193	692	247	660	0	0	0
247	660	302	692	0	0	0
302	692	356	662	0	0	0
302	692	302	756	4	0	0
247	660	247	596	4	0	0
1069	651	1069	587	4	0	0
905	683	960	651	2	0	0
960	651	1015	683	0	0	0
1015	683	1015	747	2	0	0
1015	747	960	779	0	0	0
960	779	905	747	2	0	0
905	747	905	683	0	0	0
1015	683	1069	651	0	0	0
1069	651	1124	683	0	0	0
1124	683	1124	747	4	0	0
1124	683	1179	651	0	0	0
1179	651	1234	683	0	0	0
1234	683	1288	653	0	0	0
1069	651	1069	587	4	0	0
35	1271	90	1239	2	0	0
90	1239	145	1271	0	0	0
145	1271	145	1335	2	0	0
145	1335	90	1367	0	0	0
90	1367	35	1335	2	0	0
35	1335	35	1271	0	0	0
145	1271	199	1239	0	0	0
199	1239	254	1271	0	0	0
254	1271	254	1335	4	0	0
254	1271	309	1239	0	0	0
309	1239	364	1271	0	0	0
364	1271	418	1241	0	0	0
199	1239	199	1175	4	0	0
35	1271	90	1239	2	0	0
90	1239	145	1271	0	0	0
145	1271	145	1335	2	0	0
145	1335	90	1367	0	0	0
90	1367	35	1335	2	0	0
35	1335	35	1271	0	0	0
145	1271	199	1239	0	0	0
199	1239	254	1271	0	0	0
254	1271	254	1335	4	0	0
254	1271	309	1239	0	0	0
309	1239	364	1271	0	0	0
364	1271	418	1241	0	0	0
199	1239	199	1175	4	0	0
45	1738	100	1706	2	0	0
100	1706	155	1738	0	0	0
155	1738	155	1802	2	0	0
155	1802	100	1834	0	0	0
100	1834	45	1802	2	0	0
45	1802	45	1738	0	0	0
155	1738	209	1706	0	0	0
209	1706	264	1738	0	0	0
264	1738	264	1802	4	0	0
264	1738	319	1706	0	0	0
209	1706	209	1642	4	0	0
45	1738	100	1706	2	0	0
100	1706	155	1738	0	0	0
155	1738	155	1802	2	0	0
155	1802	100	1834	0	0	0
100	1834	45	1802	2	0	0
45	1802	45	1738	0	0	0
155	1738	209	1706	0	0	0
209	1706	264	1738	0	0	0
264	1738	264	1802	4	0	0
264	1738	319	1706	0	0	0
209	1706	209	1642	4	0	0
341	1694	405	1694	0	0	0
atoms 119
367	161	OH	0	0	0	3
314	277	O	0	0	0	3
437	211	+	0	0	0	3
645	142	MgBr	0	0	0	3
500	327	Cyclopentylmagnesium\bromide	0	0	0	3
502	355	Molecular\Formula\C5H9MgBr	0	0	0	3
501	388	Molecular\Weight\\173.33	0	0	0	3
977	207	OH	0	0	0	3
1210	214	OH	0	0	0	3
1134	330	O	0	0	0	3
917	420	Cyclopentylmandelic\acid	0	0	0	3
919	459	Molecular\Formula\C13H16O3	0	0	0	3
917	489	Molecular\Weight\\220.26	0	0	0	3
699	1210	MgBr	0	0	0	3
554	1395	Cyclopentylmagnesium\bromide	0	0	0	3
556	1423	Molecular\Formula\C5H9MgBr	0	0	0	3
555	1456	Molecular\Weight\\173.33	0	0	0	3
1048	1214	OH	0	0	0	3
1205	1337	O	0	0	0	3
1271	1219	O	0	0	0	3
1381	1219	CH_3	0	0	0	3
1271	1219	O	0	0	0	3
1381	1219	CH_3	0	0	0	3
440	707	+	0	0	0	3
525	699	CH_3CH_2OH	0	0	0	3
537	825	ethyl\\alcohol	0	0	0	3
537	861	Molecular\Formula\C₂H₆O	0	0	0	3
532	889	Molecular\Weight\46,07	0	0	0	3
742	672	H^+	0	0	0	3
1125	769	O	0	0	0	3
1179	651	O	0	0	0	3
1179	651	O	0	0	0	3
1288	653	CH_3	0	0	0	3
740	726	cat	0	0	0	3
1330	734	+	0	0	0	3
1394	729	H_2O	0	0	0	3
719	1676	MgBr	0	0	0	3
517	1803	+	0	0	0	3
1074	1751	OH	0	0	0	3
1231	1874	O	0	0	0	3
1001	2063	Cyclopentylmandelic\acid	0	0	0	3
1003	2102	Molecular\Formula\C13H16O3	0	0	0	3
1001	2132	Molecular\Weight\\220.26	0	0	0	3
1297	1756	O	0	0	0	3
1405	1752	CH_3	0	0	0	3
1297	1756	O	0	0	0	3
1405	1752	CH_3	0	0	0	3
560	1874	Cyclopentadienyl\magnesium\bromide	0	0	0	3
552	1905	Molecular\Formula\\C5H5BrMg	0	0	0	3
549	1932	Molecular\Weight\169.30	0	0	0	3
256	76	O	0	0	0	3
90	337	Phenylglyoxylic\acid	0	0	0	3
90	366	Molecular\Formula\C8H6O3	0	0	0	3
85	397	Molecular\Weight\\150.13	0	0	0	3
367	161	OH	0	0	0	3
314	277	O	0	0	0	3
256	76	O	0	0	0	3
90	337	Phenylglyoxylic\acid	0	0	0	3
90	366	Molecular\Formula\C8H6O3	0	0	0	3
85	397	Molecular\Weight\\150.13	0	0	0	3
356	662	OH	0	0	0	3
303	778	O	0	0	0	3
245	577	O	0	0	0	3
79	838	Phenylglyoxylic\acid	0	0	0	3
79	867	Molecular\Formula\C8H6O3	0	0	0	3
74	898	Molecular\Weight\\150.13	0	0	0	3
356	662	OH	0	0	0	3
303	778	O	0	0	0	3
245	577	O	0	0	0	3
79	838	Phenylglyoxylic\acid	0	0	0	3
79	867	Molecular\Formula\C8H6O3	0	0	0	3
74	898	Molecular\Weight\\150.13	0	0	0	3
911	829	Ethyl\phenylglyoxylate	0	0	0	3
1070	569	O	0	0	0	3
911	859	Molecular\Formula\C10H10O3	0	0	0	3
909	890	Molecular\Weight\178.18	0	0	0	3
1125	769	O	0	0	0	3
1179	651	O	0	0	0	3
1179	651	O	0	0	0	3
1288	653	CH_3	0	0	0	3
1330	734	+	0	0	0	3
911	829	Ethyl\phenylglyoxylate	0	0	0	3
1070	569	O	0	0	0	3
911	859	Molecular\Formula\C10H10O3	0	0	0	3
909	890	Molecular\Weight\178.18	0	0	0	3
255	1357	O	0	0	0	3
309	1239	O	0	0	0	3
309	1239	O	0	0	0	3
418	1241	CH_3	0	0	0	3
460	1322	+	0	0	0	3
41	1417	Ethyl\phenylglyoxylate	0	0	0	3
200	1157	O	0	0	0	3
41	1447	Molecular\Formula\C10H10O3	0	0	0	3
39	1478	Molecular\Weight\178.18	0	0	0	3
255	1357	O	0	0	0	3
309	1239	O	0	0	0	3
309	1239	O	0	0	0	3
418	1241	CH_3	0	0	0	3
460	1322	+	0	0	0	3
41	1417	Ethyl\phenylglyoxylate	0	0	0	3
200	1157	O	0	0	0	3
41	1447	Molecular\Formula\C10H10O3	0	0	0	3
39	1478	Molecular\Weight\178.18	0	0	0	3
265	1824	O	0	0	0	3
319	1706	O	0	0	0	3
319	1706	O	0	0	0	3
428	1708	CH_3	0	0	0	3
210	1624	O	0	0	0	3
265	1824	O	0	0	0	3
319	1706	O	0	0	0	3
319	1706	O	0	0	0	3
428	1708	CH_3	0	0	0	3
210	1624	O	0	0	0	3
44	1887	Methyl\phenylglyoxylate	0	0	0	3
41	1917	Molecular\Formula\C₉H₈O₃	0	0	0	3
41	1944	Molecular\Weight\164.16	0	0	0	3
1011	1434	Ethyl\a-cyclopentylmadelate	0	0	0	3
1012	1465	Molecular\Formula\C15H20O3	0	0	0	3
1007	1491	Molecular\weight\\248.29	0	0	0	3
splines 0
scalefactors 10.668000 2
