Chemtool Version 1.6.13
geometry 1331 537
bonds 35
94	191	149	159	2	0	0
149	159	204	191	0	0	0
204	191	204	255	2	0	0
204	255	149	287	0	0	0
149	287	94	255	2	0	0
94	255	94	191	0	0	0
204	191	258	159	0	0	0
258	159	258	95	0	0	0
258	159	313	191	0	0	0
313	191	367	161	0	0	0
313	191	313	255	4	0	0
546	268	510	218	0	0	0
546	268	606	249	0	0	0
606	249	606	185	0	0	0
606	185	546	166	0	0	0
546	166	509	217	0	0	0
606	185	630	151	0	0	0
695	209	823	209	9	0	0
926	278	981	246	2	0	0
981	246	1036	278	0	0	0
1036	278	1036	342	2	0	0
1036	342	981	374	0	0	0
981	374	926	342	2	0	0
926	342	926	278	0	0	0
1036	278	1073	227	0	0	0
1073	227	1073	163	0	0	0
1073	163	1110	112	0	0	0
1073	163	1013	144	0	0	0
1013	144	1013	81	0	0	0
1013	81	1073	63	0	0	0
1073	63	1110	112	0	0	0
1073	227	1013	208	0	0	0
1073	227	1133	246	0	0	0
1133	246	1133	309	4	0	0
1133	246	1187	214	0	0	0
atoms 17
258	95	OH	0	0	0	3
367	161	OH	0	0	0	3
314	277	O	0	0	0	3
155	331	mandelic\acid	0	0	0	3
97	356	Molecular\Formula\C6H5COCHCl2	0	0	0	3
97	381	Molecular\Weight\189.04	0	0	0	3
437	211	+	0	0	0	3
645	142	MgBr	0	0	0	3
500	327	Cyclopentylmagnesium\bromide	0	0	0	3
502	355	Molecular\Formula\C5H9MgBr	0	0	0	3
501	388	Molecular\Weight\\173.33	0	0	0	3
977	207	OH	0	0	0	3
1210	214	OH	0	0	0	3
1134	330	O	0	0	0	3
917	420	Cyclopentylmandelic\acid	0	0	0	3
919	459	Molecular\Formula\C13H16O3	0	0	0	3
917	489	Molecular\Weight\\220.26	0	0	0	3
splines 0
scalefactors 10.668000 2
