Chemtool Version 1.6.13
geometry 1538 1294
bonds 55
232	269	287	237	2	0	0
287	237	342	269	0	0	0
342	269	342	333	2	0	0
342	333	287	365	0	0	0
287	365	232	333	2	0	0
232	333	232	269	0	0	0
284	415	247	466	0	0	0
247	466	284	517	0	0	0
284	517	344	498	0	0	0
344	498	344	434	0	0	0
344	434	284	415	0	0	0
342	333	379	384	0	0	0
344	434	380	384	0	0	0
380	384	416	334	0	0	0
379	384	469	411	0	0	0
469	411	469	474	4	0	0
469	411	559	384	0	0	0
559	384	619	403	0	0	0
619	403	619	465	0	0	0
619	465	679	484	0	0	0
619	403	679	385	0	0	0
679	385	697	410	0	0	0
679	484	697	459	0	0	0
730	428	790	409	0	0	0
1193	962	1201	962	11	1	0
1185	962	1201	962	0	1	0
1193	962	1201	962	11	1	0
1185	962	1201	962	0	1	0
1391	1177	1399	1177	11	1	0
1383	1177	1399	1177	0	1	0
1193	962	1201	962	11	1	0
1185	962	1201	962	0	1	0
1193	962	1201	962	11	1	0
1185	962	1201	962	0	1	0
1193	962	1201	962	11	1	0
1185	962	1201	962	0	1	0
1193	962	1201	962	11	1	0
1185	962	1201	962	0	1	0
1193	962	1201	962	11	1	0
1185	962	1201	962	0	1	0
1193	962	1201	962	11	1	0
1185	962	1201	962	0	1	0
845	432	853	432	11	1	0
837	432	853	432	0	1	0
719	407	727	407	11	1	0
711	407	727	407	0	1	0
719	400	719	415	0	1	0
732	453	792	472	0	0	0
200	229	200	533	0	0	0
200	229	200	533	0	0	0
200	229	221	229	0	0	0
200	533	221	533	0	0	0
807	225	805	525	0	0	0
805	525	784	525	0	0	0
807	225	786	225	0	0	0
atoms 4
416	334	OH	0	0	0	3
469	493	O	0	0	0	3
710	437	N	0	0	0	3
831	465	Br	0	0	0	3
splines 0
scalefactors 10.668000 2
