Chemtool Version 1.6.13
geometry 454 553
bonds 11
316	259	316	322	0	0	0
316	322	376	341	0	0	0
376	341	413	290	0	0	0
413	290	376	239	0	0	0
376	239	316	259	0	0	0
376	341	408	396	0	0	0
316	259	262	229	0	0	0
261	202	261	160	0	0	0
282	142	345	142	4	0	0
240	142	177	142	4	0	0
259	121	259	58	0	0	0
atoms 9
376	341	N	0	0	0	3
410	414	CH_3	0	0	0	3
262	229	O	0	0	0	3
261	144	S	0	0	0	3
345	142	O	0	0	0	3
177	142	O	0	0	0	3
257	39	R1	0	0	0	3
216	470	sulfonyl\compound\of\formula	0	0	0	3
69	503	wherein\R1\is\alkyl\containing\1\to\12\carbon\atoms,\aryl\or\substituted\aryl	0	0	0	3
splines 0
scalefactors 10.668000 2
