Chemtool Version 1.6.13
geometry 964 315
bonds 23
19	191	74	159	2	0	0
74	159	129	191	0	0	0
129	191	129	255	2	0	0
129	255	74	287	0	0	0
74	287	19	255	2	0	0
19	255	19	191	0	0	0
585	178	640	146	2	0	0
640	146	695	178	0	0	0
695	178	695	242	2	0	0
695	242	640	274	0	0	0
640	274	585	242	2	0	0
585	242	585	178	0	0	0
129	191	183	161	0	0	0
183	161	237	191	0	0	0
237	191	291	161	0	0	0
695	178	750	146	0	0	0
750	146	804	176	0	0	0
804	176	859	144	0	0	0
237	191	237	255	4	0	0
804	176	804	239	4	0	0
750	146	750	83	4	0	0
183	161	183	97	0	0	0
365	210	557	210	9	0	0
atoms 8
179	81	OH	0	0	0	3
311	161	OH	0	0	0	3
877	149	OH	0	0	0	3
235	280	O	0	0	0	3
804	261	O	0	0	0	3
747	67	O	0	0	0	3
430	186	KMnO_4	0	0	0	2
380	242	aq.\NaOH,\-3\^0\C	0	0	0	2
splines 0
scalefactors 10.668000 2
