Chemtool Version 1.6.13
geometry 2044 1475
bonds 106
112	354	167	322	2	0	0
167	322	222	354	0	0	0
222	354	222	418	2	0	0
222	418	167	450	0	0	0
167	450	112	418	2	0	0
112	418	112	354	0	0	0
222	354	277	322	0	0	0
277	322	307	268	0	0	0
307	268	370	268	0	0	0
370	268	389	208	0	0	0
307	268	288	208	0	0	0
288	208	338	172	0	0	0
338	172	389	208	0	0	0
277	322	223	290	0	0	0
277	322	331	352	0	0	0
331	352	385	322	0	0	0
385	322	440	354	0	0	0
331	352	331	415	4	0	0
112	354	167	322	2	0	0
167	322	222	354	0	0	0
222	354	222	418	2	0	0
222	418	167	450	0	0	0
167	450	112	418	2	0	0
112	418	112	354	0	0	0
700	396	763	396	0	0	0
763	396	782	336	0	0	0
700	396	681	336	0	0	0
681	336	731	300	0	0	0
731	300	782	336	0	0	0
800	323	854	291	0	0	0
681	336	626	304	0	0	0
956	362	1148	362	9	0	0
74	947	266	947	9	0	0
298	961	353	929	2	0	0
353	929	408	961	0	0	0
408	961	408	1025	2	0	0
408	1025	353	1057	0	0	0
353	1057	298	1025	2	0	0
298	1025	298	961	0	0	0
408	961	463	929	0	0	0
463	929	493	875	0	0	0
493	875	556	875	0	0	0
556	875	575	815	0	0	0
493	875	474	815	0	0	0
474	815	524	779	0	0	0
524	779	575	815	0	0	0
463	929	409	897	0	0	0
463	929	517	959	0	0	0
517	959	571	929	0	0	0
517	959	517	1022	4	0	0
298	961	353	929	2	0	0
353	929	408	961	0	0	0
408	961	408	1025	2	0	0
408	1025	353	1057	0	0	0
353	1057	298	1025	2	0	0
298	1025	298	961	0	0	0
637	955	644	1017	0	0	0
644	1017	706	1028	0	0	0
637	955	693	929	0	0	0
693	929	736	974	0	0	0
736	974	706	1028	0	0	0
590	939	637	955	0	0	0
706	1028	738	1083	0	0	0
1257	924	1312	892	2	0	0
1312	892	1367	924	0	0	0
1367	924	1367	988	2	0	0
1367	988	1312	1020	0	0	0
1312	1020	1257	988	2	0	0
1257	988	1257	924	0	0	0
1367	924	1422	892	0	0	0
1422	892	1452	838	0	0	0
1452	838	1515	838	0	0	0
1515	838	1534	778	0	0	0
1452	838	1433	778	0	0	0
1433	778	1483	742	0	0	0
1483	742	1534	778	0	0	0
1422	892	1368	860	0	0	0
1422	892	1476	922	0	0	0
1476	922	1530	892	0	0	0
1476	922	1476	985	4	0	0
1257	924	1312	892	2	0	0
1312	892	1367	924	0	0	0
1367	924	1367	988	2	0	0
1367	988	1312	1020	0	0	0
1312	1020	1257	988	2	0	0
1257	988	1257	924	0	0	0
1596	918	1603	980	0	0	0
1603	980	1665	991	0	0	0
1596	918	1652	892	0	0	0
1652	892	1695	937	0	0	0
1695	937	1665	991	0	0	0
1549	902	1596	918	0	0	0
1665	991	1697	1046	0	0	0
1665	991	1729	991	0	0	0
1236	667	1267	667	0	1	0
1236	667	1236	1208	0	1	0
1236	1208	1267	1208	0	1	0
1784	667	1815	667	0	1	0
1815	667	1815	1208	0	1	0
1784	1208	1815	1208	0	1	0
1851	1158	1859	1158	11	1	0
1843	1158	1859	1158	0	1	0
1648	1012	1656	1012	11	1	0
1640	1012	1656	1012	0	1	0
1648	1005	1648	1020	0	1	0
846	965	1174	966	9	0	0
atoms 38
204	281	HO	0	0	0	3
330	434	O	0	0	0	3
385	322	O	0	0	0	3
452	379	CH_3	0	0	0	3
556	354	+	0	0	0	3
142	490	methyl\ester\of\cyclopentyl\mandelic\acid	0	0	0	3
192	582	Molecular\Weight\234.29	0	0	0	3
191	545	Molecular\Formula\C14H18O3	0	0	0	3
782	336	N	0	0	0	3
871	295	CH_3	0	0	0	3
600	297	HO	0	0	0	3
619	487	1-methyl\pyrolidin-3-ol	0	0	0	3
611	544	Molecular\Formula\C6H7NO	0	0	0	3
607	575	Molecular\Weight\109.13	0	0	0	3
1004	340	Na/Heptane	0	0	0	3
122	925	Na/Heptane	0	0	0	3
390	888	HO	0	0	0	3
516	1041	O	0	0	0	3
571	929	O	0	0	0	3
706	1028	N	0	0	0	3
749	1101	CH_3	0	0	0	3
987	893	CH_3Br	0	0	0	3
944	936	dry\ethyl\acetate	0	0	0	3
1349	851	HO	0	0	0	3
1530	892	O	0	0	0	3
1665	991	N	0	0	0	3
1708	1064	CH_3	0	0	0	3
1747	994	CH_3	0	0	0	3
1846	1193	Br	0	0	0	3
1476	1006	O	0	0	0	4
430	119	transesterification	0	0	0	3
748	707	quaternization	0	0	0	3
1409	1274	Glycopyrronium\bromide	0	0	0	3
1412	1309	Molecular\formula:\C19H28BrNO3\·\Br	0	0	0	3
1414	1341	Molecular\weight\398.3	0	0	0	3
320	1242	1-Methylpyrrolidin-3-yl\2-Cyclopentyl-2-hydroxy-2-phenylacetate	0	0	0	3
327	1286	Molecular\formula:\\C18H25NO3	0	0	0	3
325	1321	Molecular\Weight\303.40	0	0	0	3
splines 0
scalefactors 10.668000 2
